5653
8362
7556
234
7124
7540
2813
7454
3170
6515
840
1141
7517
3076
7962
8305
7254
3429
2205
6644
7833
836
5868
7939
6266
4819
6174
6586
8667
8171
5839
5910
1082
346
3386
7346
5943
5003
5475
5697
4228
64
3760
6836
9829
5486
9800
6969
6838
7716
7652
2705
3260
329
2626
9948
8403
658
6664
2596
9143
1869
8117
2786
8575
6158
8035
9600
1267
8883
8025
2380
3214
3141
3565
2294
478
5806
3591
5335
3992
3409
2128
2254
121
1706
7449
5335
2616
4851
296
7338
9175
6352
6685
6862
8375
361
6243
2056
555
849
659
6132
2437
9623
8018
6334
5485
4216
7242
8190
5120
6063
7142
3102
325
6827
8054
1993
5867
7115
5235
3361
5374
7976
2396
7485
4776
671
5183
8749
4916
602
8036
412
9854
7546
5411
7217
4662
8578
8566
5938
7443
7139
2345
582
4068
3328
9325
5732
1265
8861
2044
4893
6497
3305
6006
4195
8757
2325
7946
1925
9313
2336
9377
9400
6299
1824
2885
9779
7132
3087
8079
391
9523
2976
7357
1401
3209
3564
6865
4046
6383
6334
5239
3458
8035
7255
6879
8148
6578
9886
1048
1185
3623
6280
6462
4076
7649
7103
3962
8695
7747
4003
3400
2753
3253
8474
2982
9020
3704
4133
4904
153
4711
5856
504
7955
377
3557
3130
7460
4130
5487
9278
8856
7305
3478
9471
9628
3733
7963
8200
6178
7040
3073
6134
7253
3454
7174
7977
1683
2438
2381
5652
4571
3023
6282
3988
4548
5190
313
2461
1944
1835
4379
4431
4316
2220
7534
9096
4941
9593
6423
51
7816
8551
5199
4814
613
3392
503
9673
3041
6071
2425
7610
5207
9161
9773
4430
1019
5375
6101
4554
3651
1648
3398
7871
3602
8116
8659
4604
6929
7971
1399
4301
7180
9563
5679
5857
3655
9808
9906
8522
1659
7806
4510
5326
1457
3851
6272
2778
7274
7704
5646
5925
3160
149
8501
1442
4333
2740
3739
5344
1550
9541
992
860
3171
5697
4406
5062
9550
9267
2602
1777
9589
9696
6702
1747
7646
231
3588
3004
6678
8212
5225
7284
9789
7262
7915
1389
8738
4496
6936
6568
5191
5445
4837
5987
8961
1612
584
4400
4206
8603
7523
6625
4290
7712
3454
7438
2224
9299
8351
281
4482
8391
8568
6041
374
1055
5309
2387
5525
7021
9024
2216
7200
1909
6459
2055
7193
1793
6153
1234
5195
2110
8530
7054
3271
4803
274
7924
9149
8481
820
9412
5187
1430
7792
1338
85
188
4926
3640
3497
5487
9957
5667
1853
8235
4997
3754
4080
4051
7037
6369
3625
3758
9562
5452
6664
8604
6077
9654
1368
583
1496
9810
3485
1141
4949
8808
9119
3945
1330
9681
499
1049
1117
9342
9699
5930
6807
9058
7993
2039
392
6401
9149
8865
2608
9952
7928
7264
6117
8571
4597
9640
2414
6133
1299
6215
2251
7738
473
2874
8286
6881
3975
7151
794
2141
2932
4726
7254
5939
8713
3184
2382
2197
2506
9849
7607
1917
9788
1555
1901
3893
7800
8903
5771
2771
2058
9184
1973
9027
4534
4307
2373
8316
6856
4790
7457
8564
8262
4466
8982
6415
2116
4819
2899
7091
9316
8860
8692
1751
4648
5223
616
6954
4901
202
7234
5743
5654
4230
4089
7302
5706
4584
5612
5158
1547
578
6390
2023
1916
1044
2009
2716
4574
8436
5274
253
7759
6125
8841
6866
239
1635
604
3628
8608
148
1047
3982
4282
9690
8170
7368
6665
1006
8358
5604
996
2006
7629
1593
6858
5503
309
893
9146
2134
1177
8968
5743
6111
877
5139
6102
4873
7403
7215
7230
297
9007
8035
7083
7666
315
3165
7479
4007
9448
9385
1382
4439
1866
8495
2964
839
9390
71
669
9309
6034
8791
9256
4136
7681
5117
9889
5501
314
8441
7378
5101
2989
722
5661
1026
8817
5528
9528
2584
7300
7113
6614
4616
1296
477
1166
7375
9415
1852
7098
1070
3979
720
79
1467
1595
7125
851
7956
6702
8860
7776
5700
8645
7231
4883
7501
3089
575
6177
1957
4881
4265
9847
7518
1141
1463
3389
429
4740
82
9750
8541
4390
3541
4806
2764
3855
3821
321
1650
7881
3021
3420
8673
9948
7983
786
8360
8621
6068
8245
8946
6432
3643
1279
1628
9755
2624
5507
7492
873
2396
9797
7005
2552
2379
4995
1198
1440
5435
6799
1130
8160
8624
5562
6170
2070
3636
9294
7127
9674
8412
5288
4052
3480
3430
4848
5799
9416
2494
7862
4872
9612
1311
9195
9938
9893
4182
2265
5783
1266
7027
7088
5233
3575
2729
4622
50
7126
4757
4746
8156
6236
3035
5326
4077
9898
875
8510
1683
5694
7555
7977
5741
6190
6158
8683
1362
4817
2922
9116
5562
9898
2311
5561
826
2017
1371
3517
1053
1648
8083
6539
670
6007
5396
1323
2403
844
6304
4238
2355
2914
803
3536
4935
3669
8205
9274
4302
8656
3754
3632
7771
1547
5869
5949
3785
356
763
4857
1983
8936
2996
2741
4655
2415
9036
7875
5080
8049
2631
7124
2859
8329
3748
1087
9626
9332
1216
1883
2172
1142
411
5562
2862
1593
4616
8562
788
8355
13
4920
4028
4899
2699
187
7507
4007
2487
8299
2001
606
3303
4212
3424
8597
4488
7019
8634
3856
5068
1267
848
6534
1553
4396
1735
9337
5900
6250
1164
5937
21
3245
1817
8645
3836
4130
8079
9061
1337
3813
243
5078
8705
4193
7989
5931
2757
6838
3963
4124
3172
4326
5421
1158
2240
5052
8890
3439
270
3225
3224
1844
1063
3596
9592
465
3532
8013
4167
2379
4566
1239
6944
1918
9931
7776
1072
5727
2925
7670
34
829
940
3911
5896
5928
5180
4861
9547
9421
3569
7092
7801
5630
7622
1498
5310
4315
6621
2930
7406
1903
3457
5492
7198
5673
9128
2564
1698
84
7748
4590
6081
8774
5480
4043
4725
546
8984
1683
1870
3514
6537
2783
6406
116
2727
4889
5039
519
6790
5187
2553
1155
1952
2480
1343
8923
2860
2259
8385
8352
768
2754
8957
7243
1741
5222
6118
1606
2553
1442
6807
1127
9962
7134
6465
3530
1294
5007
5023
3914
8712
5572
8635
5964
1333
3151
3753
3529
4636
3886
4833
854
1331
790
6394
6033
4350
8571
9906
2377
2819
7854
5610
6394
3817
6052
3998
6692
399
4030
4306
328
8697
9306
24
6207
4724
6998
7375
5606
1387
7724
5717
7753
4754
9854
668
8715
6976
2527
811
2975
4026
9692
6043
5399
2761
1638
3394
6246
1133
252
9485
6740
2684
9577
4789
4526
1203
359
6932
1590
9117
8767
9682
4750
2273
3135
5432
8733
3605
5910
9445
4780
5905
7407
8030
6688
7519
8119
832
228
